{"nodes":[{"id":1,"atom_number":7,"valence":5,"electronegativity":3.04,"charge":0},{"id":2,"atom_number":6,"valence":4,"electronegativity":2.55,"charge":0},{"id":3,"atom_number":6,"valence":4,"electronegativity":2.55,"charge":0},{"id":4,"atom_number":8,"valence":6,"electronegativity":3.44,"charge":0},{"id":5,"atom_number":6,"valence":4,"electronegativity":2.55,"charge":0},{"id":6,"atom_number":6,"valence":4,"electronegativity":2.55,"charge":0},{"id":7,"atom_number":6,"valence":4,"electronegativity":2.55,"charge":0},{"id":8,"atom_number":6,"valence":4,"electronegativity":2.55,"charge":0},{"id":9,"atom_number":6,"valence":4,"electronegativity":2.55,"charge":0},{"id":10,"atom_number":6,"valence":4,"electronegativity":2.55,"charge":0},{"id":11,"atom_number":6,"valence":4,"electronegativity":2.55,"charge":0},{"id":12,"atom_number":7,"valence":5,"electronegativity":3.04,"charge":0},{"id":13,"atom_number":6,"valence":4,"electronegativity":2.55,"charge":0},{"id":14,"atom_number":6,"valence":4,"electronegativity":2.55,"charge":0},{"id":15,"atom_number":8,"valence":6,"electronegativity":3.44,"charge":0},{"id":16,"atom_number":6,"valence":4,"electronegativity":2.55,"charge":0},{"id":17,"atom_number":6,"valence":4,"electronegativity":2.55,"charge":0},{"id":18,"atom_number":6,"valence":4,"electronegativity":2.55,"charge":0},{"id":19,"atom_number":6,"valence":4,"electronegativity":2.55,"charge":0},{"id":20,"atom_number":7,"valence":5,"electronegativity":3.04,"charge":0},{"id":21,"atom_number":6,"valence":4,"electronegativity":2.55,"charge":0},{"id":22,"atom_number":6,"valence":4,"electronegativity":2.55,"charge":0},{"id":23,"atom_number":8,"valence":6,"electronegativity":3.44,"charge":0},{"id":24,"atom_number":6,"valence":4,"electronegativity":2.55,"charge":0},{"id":25,"atom_number":6,"valence":4,"electronegativity":2.55,"charge":0},{"id":26,"atom_number":6,"valence":4,"electronegativity":2.55,"charge":0},{"id":27,"atom_number":6,"valence":4,"electronegativity":2.55,"charge":0},{"id":28,"atom_number":7,"valence":5,"electronegativity":3.04,"charge":0},{"id":29,"atom_number":6,"valence":4,"electronegativity":2.55,"charge":0},{"id":30,"atom_number":6,"valence":4,"electronegativity":2.55,"charge":0},{"id":31,"atom_number":8,"valence":6,"electronegativity":3.44,"charge":0},{"id":32,"atom_number":6,"valence":4,"electronegativity":2.55,"charge":0},{"id":33,"atom_number":6,"valence":4,"electronegativity":2.55,"charge":0},{"id":34,"atom_number":6,"valence":4,"electronegativity":2.55,"charge":0},{"id":35,"atom_number":6,"valence":4,"electronegativity":2.55,"charge":0},{"id":36,"atom_number":7,"valence":5,"electronegativity":3.04,"charge":0},{"id":37,"atom_number":6,"valence":4,"electronegativity":2.55,"charge":0},{"id":38,"atom_number":6,"valence":4,"electronegativity":2.55,"charge":0},{"id":39,"atom_number":8,"valence":6,"electronegativity":3.44,"charge":0},{"id":40,"atom_number":7,"valence":5,"electronegativity":3.04,"charge":0},{"id":41,"atom_number":6,"valence":4,"electronegativity":2.55,"charge":0},{"id":42,"atom_number":6,"valence":4,"electronegativity":2.55,"charge":0},{"id":43,"atom_number":8,"valence":6,"electronegativity":3.44,"charge":0},{"id":44,"atom_number":6,"valence":4,"electronegativity":2.55,"charge":0},{"id":45,"atom_number":6,"valence":4,"electronegativity":2.55,"charge":0},{"id":46,"atom_number":6,"valence":4,"electronegativity":2.55,"charge":0},{"id":47,"atom_number":8,"valence":6,"electronegativity":3.44,"charge":0},{"id":48,"atom_number":8,"valence":6,"electronegativity":3.44,"charge":0},{"id":49,"atom_number":7,"valence":5,"electronegativity":3.04,"charge":0},{"id":50,"atom_number":6,"valence":4,"electronegativity":2.55,"charge":0},{"id":51,"atom_number":6,"valence":4,"electronegativity":2.55,"charge":0},{"id":52,"atom_number":8,"valence":6,"electronegativity":3.44,"charge":0},{"id":53,"atom_number":6,"valence":4,"electronegativity":2.55,"charge":0},{"id":54,"atom_number":6,"valence":4,"electronegativity":2.55,"charge":0},{"id":55,"atom_number":6,"valence":4,"electronegativity":2.55,"charge":0},{"id":56,"atom_number":7,"valence":5,"electronegativity":3.04,"charge":0},{"id":57,"atom_number":6,"valence":4,"electronegativity":2.55,"charge":0},{"id":58,"atom_number":6,"valence":4,"electronegativity":2.55,"charge":0},{"id":59,"atom_number":8,"valence":6,"electronegativity":3.44,"charge":0},{"id":60,"atom_number":6,"valence":4,"electronegativity":2.55,"charge":0},{"id":61,"atom_number":7,"valence":5,"electronegativity":3.04,"charge":0},{"id":62,"atom_number":6,"valence":4,"electronegativity":2.55,"charge":0},{"id":63,"atom_number":6,"valence":4,"electronegativity":2.55,"charge":0},{"id":64,"atom_number":8,"valence":6,"electronegativity":3.44,"charge":0},{"id":65,"atom_number":6,"valence":4,"electronegativity":2.55,"charge":0},{"id":66,"atom_number":6,"valence":4,"electronegativity":2.55,"charge":0},{"id":67,"atom_number":6,"valence":4,"electronegativity":2.55,"charge":0},{"id":68,"atom_number":7,"valence":5,"electronegativity":3.04,"charge":0},{"id":69,"atom_number":6,"valence":4,"electronegativity":2.55,"charge":0},{"id":70,"atom_number":7,"valence":5,"electronegativity":3.04,"charge":0},{"id":71,"atom_number":7,"valence":5,"electronegativity":3.04,"charge":0},{"id":72,"atom_number":7,"valence":5,"electronegativity":3.04,"charge":0},{"id":73,"atom_number":6,"valence":4,"electronegativity":2.55,"charge":0},{"id":74,"atom_number":6,"valence":4,"electronegativity":2.55,"charge":0},{"id":75,"atom_number":8,"valence":6,"electronegativity":3.44,"charge":0},{"id":76,"atom_number":6,"valence":4,"electronegativity":2.55,"charge":0},{"id":77,"atom_number":6,"valence":4,"electronegativity":2.55,"charge":0},{"id":78,"atom_number":6,"valence":4,"electronegativity":2.55,"charge":0},{"id":79,"atom_number":6,"valence":4,"electronegativity":2.55,"charge":0},{"id":80,"atom_number":7,"valence":5,"electronegativity":3.04,"charge":0},{"id":81,"atom_number":6,"valence":4,"electronegativity":2.55,"charge":0},{"id":82,"atom_number":6,"valence":4,"electronegativity":2.55,"charge":0},{"id":83,"atom_number":8,"valence":6,"electronegativity":3.44,"charge":0},{"id":84,"atom_number":6,"valence":4,"electronegativity":2.55,"charge":0},{"id":85,"atom_number":6,"valence":4,"electronegativity":2.55,"charge":0},{"id":86,"atom_number":6,"valence":4,"electronegativity":2.55,"charge":0},{"id":87,"atom_number":6,"valence":4,"electronegativity":2.55,"charge":0},{"id":88,"atom_number":6,"valence":4,"electronegativity":2.55,"charge":0},{"id":89,"atom_number":6,"valence":4,"electronegativity":2.55,"charge":0},{"id":90,"atom_number":6,"valence":4,"electronegativity":2.55,"charge":0},{"id":91,"atom_number":7,"valence":5,"electronegativity":3.04,"charge":0},{"id":92,"atom_number":6,"valence":4,"electronegativity":2.55,"charge":0},{"id":93,"atom_number":6,"valence":4,"electronegativity":2.55,"charge":0},{"id":94,"atom_number":8,"valence":6,"electronegativity":3.44,"charge":0},{"id":95,"atom_number":6,"valence":4,"electronegativity":2.55,"charge":0},{"id":96,"atom_number":6,"valence":4,"electronegativity":2.55,"charge":0},{"id":97,"atom_number":6,"valence":4,"electronegativity":2.55,"charge":0},{"id":98,"atom_number":8,"valence":6,"electronegativity":3.44,"charge":0},{"id":99,"atom_number":7,"valence":5,"electronegativity":3.04,"charge":0},{"id":100,"atom_number":7,"valence":5,"electronegativity":3.04,"charge":0},{"id":101,"atom_number":6,"valence":4,"electronegativity":2.55,"charge":0},{"id":102,"atom_number":6,"valence":4,"electronegativity":2.55,"charge":0},{"id":103,"atom_number":8,"valence":6,"electronegativity":3.44,"charge":0},{"id":104,"atom_number":7,"valence":5,"electronegativity":3.04,"charge":0},{"id":105,"atom_number":6,"valence":4,"electronegativity":2.55,"charge":0},{"id":106,"atom_number":6,"valence":4,"electronegativity":2.55,"charge":0},{"id":107,"atom_number":8,"valence":6,"electronegativity":3.44,"charge":0},{"id":108,"atom_number":6,"valence":4,"electronegativity":2.55,"charge":0},{"id":109,"atom_number":16,"valence":6,"electronegativity":2.58,"charge":0},{"id":110,"atom_number":7,"valence":5,"electronegativity":3.04,"charge":0},{"id":111,"atom_number":6,"valence":4,"electronegativity":2.55,"charge":0},{"id":112,"atom_number":6,"valence":4,"electronegativity":2.55,"charge":0},{"id":113,"atom_number":8,"valence":6,"electronegativity":3.44,"charge":0},{"id":114,"atom_number":6,"valence":4,"electronegativity":2.55,"charge":0},{"id":115,"atom_number":6,"valence":4,"electronegativity":2.55,"charge":0},{"id":116,"atom_number":6,"valence":4,"electronegativity":2.55,"charge":0},{"id":117,"atom_number":8,"valence":6,"electronegativity":3.44,"charge":0},{"id":118,"atom_number":7,"valence":5,"electronegativity":3.04,"charge":0},{"id":119,"atom_number":7,"valence":5,"electronegativity":3.04,"charge":0},{"id":120,"atom_number":6,"valence":4,"electronegativity":2.55,"charge":0},{"id":121,"atom_number":6,"valence":4,"electronegativity":2.55,"charge":0},{"id":122,"atom_number":8,"valence":6,"electronegativity":3.44,"charge":0},{"id":123,"atom_number":6,"valence":4,"electronegativity":2.55,"charge":0},{"id":124,"atom_number":6,"valence":4,"electronegativity":2.55,"charge":0},{"id":125,"atom_number":6,"valence":4,"electronegativity":2.55,"charge":0},{"id":126,"atom_number":6,"valence":4,"electronegativity":2.55,"charge":0},{"id":127,"atom_number":6,"valence":4,"electronegativity":2.55,"charge":0},{"id":128,"atom_number":6,"valence":4,"electronegativity":2.55,"charge":0},{"id":129,"atom_number":6,"valence":4,"electronegativity":2.55,"charge":0},{"id":130,"atom_number":7,"valence":5,"electronegativity":3.04,"charge":0},{"id":131,"atom_number":6,"valence":4,"electronegativity":2.55,"charge":0},{"id":132,"atom_number":6,"valence":4,"electronegativity":2.55,"charge":0},{"id":133,"atom_number":8,"valence":6,"electronegativity":3.44,"charge":0},{"id":134,"atom_number":6,"valence":4,"electronegativity":2.55,"charge":0},{"id":135,"atom_number":6,"valence":4,"electronegativity":2.55,"charge":0},{"id":136,"atom_number":6,"valence":4,"electronegativity":2.55,"charge":0},{"id":137,"atom_number":7,"valence":5,"electronegativity":3.04,"charge":0},{"id":138,"atom_number":6,"valence":4,"electronegativity":2.55,"charge":0},{"id":139,"atom_number":7,"valence":5,"electronegativity":3.04,"charge":0},{"id":140,"atom_number":7,"valence":5,"electronegativity":3.04,"charge":0},{"id":141,"atom_number":7,"valence":5,"electronegativity":3.04,"charge":0},{"id":142,"atom_number":6,"valence":4,"electronegativity":2.55,"charge":0},{"id":143,"atom_number":6,"valence":4,"electronegativity":2.55,"charge":0},{"id":144,"atom_number":8,"valence":6,"electronegativity":3.44,"charge":0},{"id":145,"atom_number":6,"valence":4,"electronegativity":2.55,"charge":0},{"id":146,"atom_number":8,"valence":6,"electronegativity":3.44,"charge":0},{"id":147,"atom_number":7,"valence":5,"electronegativity":3.04,"charge":0},{"id":148,"atom_number":6,"valence":4,"electronegativity":2.55,"charge":0},{"id":149,"atom_number":6,"valence":4,"electronegativity":2.55,"charge":0},{"id":150,"atom_number":8,"valence":6,"electronegativity":3.44,"charge":0},{"id":151,"atom_number":6,"valence":4,"electronegativity":2.55,"charge":0},{"id":152,"atom_number":7,"valence":5,"electronegativity":3.04,"charge":0},{"id":153,"atom_number":6,"valence":4,"electronegativity":2.55,"charge":0},{"id":154,"atom_number":6,"valence":4,"electronegativity":2.55,"charge":0},{"id":155,"atom_number":8,"valence":6,"electronegativity":3.44,"charge":0},{"id":156,"atom_number":6,"valence":4,"electronegativity":2.55,"charge":0},{"id":157,"atom_number":6,"valence":4,"electronegativity":2.55,"charge":0},{"id":158,"atom_number":6,"valence":4,"electronegativity":2.55,"charge":0},{"id":159,"atom_number":8,"valence":6,"electronegativity":3.44,"charge":0},{"id":160,"atom_number":8,"valence":6,"electronegativity":3.44,"charge":0},{"id":161,"atom_number":7,"valence":5,"electronegativity":3.04,"charge":0},{"id":162,"atom_number":6,"valence":4,"electronegativity":2.55,"charge":0},{"id":163,"atom_number":6,"valence":4,"electronegativity":2.55,"charge":0},{"id":164,"atom_number":8,"valence":6,"electronegativity":3.44,"charge":0},{"id":165,"atom_number":6,"valence":4,"electronegativity":2.55,"charge":0},{"id":166,"atom_number":6,"valence":4,"electronegativity":2.55,"charge":0},{"id":167,"atom_number":6,"valence":4,"electronegativity":2.55,"charge":0},{"id":168,"atom_number":6,"valence":4,"electronegativity":2.55,"charge":0},{"id":169,"atom_number":7,"valence":5,"electronegativity":3.04,"charge":0},{"id":170,"atom_number":6,"valence":4,"electronegativity":2.55,"charge":0},{"id":171,"atom_number":6,"valence":4,"electronegativity":2.55,"charge":0},{"id":172,"atom_number":8,"valence":6,"electronegativity":3.44,"charge":0},{"id":173,"atom_number":6,"valence":4,"electronegativity":2.55,"charge":0},{"id":174,"atom_number":6,"valence":4,"electronegativity":2.55,"charge":0},{"id":175,"atom_number":6,"valence":4,"electronegativity":2.55,"charge":0},{"id":176,"atom_number":7,"valence":5,"electronegativity":3.04,"charge":0},{"id":177,"atom_number":6,"valence":4,"electronegativity":2.55,"charge":0},{"id":178,"atom_number":6,"valence":4,"electronegativity":2.55,"charge":0},{"id":179,"atom_number":8,"valence":6,"electronegativity":3.44,"charge":0},{"id":180,"atom_number":6,"valence":4,"electronegativity":2.55,"charge":0},{"id":181,"atom_number":6,"valence":4,"electronegativity":2.55,"charge":0},{"id":182,"atom_number":7,"valence":5,"electronegativity":3.04,"charge":0},{"id":183,"atom_number":6,"valence":4,"electronegativity":2.55,"charge":0},{"id":184,"atom_number":6,"valence":4,"electronegativity":2.55,"charge":0},{"id":185,"atom_number":7,"valence":5,"electronegativity":3.04,"charge":0},{"id":186,"atom_number":7,"valence":5,"electronegativity":3.04,"charge":0},{"id":187,"atom_number":6,"valence":4,"electronegativity":2.55,"charge":0},{"id":188,"atom_number":6,"valence":4,"electronegativity":2.55,"charge":0},{"id":189,"atom_number":8,"valence":6,"electronegativity":3.44,"charge":0},{"id":190,"atom_number":6,"valence":4,"electronegativity":2.55,"charge":0},{"id":191,"atom_number":6,"valence":4,"electronegativity":2.55,"charge":0},{"id":192,"atom_number":6,"valence":4,"electronegativity":2.55,"charge":0},{"id":193,"atom_number":6,"valence":4,"electronegativity":2.55,"charge":0},{"id":194,"atom_number":7,"valence":5,"electronegativity":3.04,"charge":0},{"id":195,"atom_number":6,"valence":4,"electronegativity":2.55,"charge":0},{"id":196,"atom_number":6,"valence":4,"electronegativity":2.55,"charge":0},{"id":197,"atom_number":8,"valence":6,"electronegativity":3.44,"charge":0},{"id":198,"atom_number":6,"valence":4,"electronegativity":2.55,"charge":0},{"id":199,"atom_number":6,"valence":4,"electronegativity":2.55,"charge":0},{"id":200,"atom_number":6,"valence":4,"electronegativity":2.55,"charge":0},{"id":201,"atom_number":6,"valence":4,"electronegativity":2.55,"charge":0},{"id":202,"atom_number":7,"valence":5,"electronegativity":3.04,"charge":0},{"id":203,"atom_number":6,"valence":4,"electronegativity":2.55,"charge":0},{"id":204,"atom_number":6,"valence":4,"electronegativity":2.55,"charge":0},{"id":205,"atom_number":8,"valence":6,"electronegativity":3.44,"charge":0},{"id":206,"atom_number":6,"valence":4,"electronegativity":2.55,"charge":0},{"id":207,"atom_number":6,"valence":4,"electronegativity":2.55,"charge":0},{"id":208,"atom_number":6,"valence":4,"electronegativity":2.55,"charge":0},{"id":209,"atom_number":6,"valence":4,"electronegativity":2.55,"charge":0},{"id":210,"atom_number":6,"valence":4,"electronegativity":2.55,"charge":0},{"id":211,"atom_number":6,"valence":4,"electronegativity":2.55,"charge":0},{"id":212,"atom_number":6,"valence":4,"electronegativity":2.55,"charge":0},{"id":213,"atom_number":8,"valence":6,"electronegativity":3.44,"charge":0},{"id":214,"atom_number":7,"valence":5,"electronegativity":3.04,"charge":0},{"id":215,"atom_number":6,"valence":4,"electronegativity":2.55,"charge":0},{"id":216,"atom_number":6,"valence":4,"electronegativity":2.55,"charge":0},{"id":217,"atom_number":8,"valence":6,"electronegativity":3.44,"charge":0},{"id":218,"atom_number":6,"valence":4,"electronegativity":2.55,"charge":0},{"id":219,"atom_number":6,"valence":4,"electronegativity":2.55,"charge":0},{"id":220,"atom_number":16,"valence":6,"electronegativity":2.58,"charge":0},{"id":221,"atom_number":6,"valence":4,"electronegativity":2.55,"charge":0},{"id":222,"atom_number":7,"valence":5,"electronegativity":3.04,"charge":0},{"id":223,"atom_number":6,"valence":4,"electronegativity":2.55,"charge":0},{"id":224,"atom_number":6,"valence":4,"electronegativity":2.55,"charge":0},{"id":225,"atom_number":8,"valence":6,"electronegativity":3.44,"charge":0},{"id":226,"atom_number":6,"valence":4,"electronegativity":2.55,"charge":0},{"id":227,"atom_number":6,"valence":4,"electronegativity":2.55,"charge":0},{"id":228,"atom_number":6,"valence":4,"electronegativity":2.55,"charge":0},{"id":229,"atom_number":6,"valence":4,"electronegativity":2.55,"charge":0},{"id":230,"atom_number":7,"valence":5,"electronegativity":3.04,"charge":0},{"id":231,"atom_number":6,"valence":4,"electronegativity":2.55,"charge":0},{"id":232,"atom_number":6,"valence":4,"electronegativity":2.55,"charge":0},{"id":233,"atom_number":8,"valence":6,"electronegativity":3.44,"charge":0},{"id":234,"atom_number":6,"valence":4,"electronegativity":2.55,"charge":0},{"id":235,"atom_number":6,"valence":4,"electronegativity":2.55,"charge":0},{"id":236,"atom_number":6,"valence":4,"electronegativity":2.55,"charge":0},{"id":237,"atom_number":6,"valence":4,"electronegativity":2.55,"charge":0},{"id":238,"atom_number":7,"valence":5,"electronegativity":3.04,"charge":0},{"id":239,"atom_number":6,"valence":4,"electronegativity":2.55,"charge":0},{"id":240,"atom_number":6,"valence":4,"electronegativity":2.55,"charge":0},{"id":241,"atom_number":8,"valence":6,"electronegativity":3.44,"charge":0},{"id":242,"atom_number":6,"valence":4,"electronegativity":2.55,"charge":0},{"id":243,"atom_number":6,"valence":4,"electronegativity":2.55,"charge":0},{"id":244,"atom_number":16,"valence":6,"electronegativity":2.58,"charge":0},{"id":245,"atom_number":6,"valence":4,"electronegativity":2.55,"charge":0},{"id":246,"atom_number":7,"valence":5,"electronegativity":3.04,"charge":0},{"id":247,"atom_number":6,"valence":4,"electronegativity":2.55,"charge":0},{"id":248,"atom_number":6,"valence":4,"electronegativity":2.55,"charge":0},{"id":249,"atom_number":8,"valence":6,"electronegativity":3.44,"charge":0},{"id":250,"atom_number":6,"valence":4,"electronegativity":2.55,"charge":0},{"id":251,"atom_number":6,"valence":4,"electronegativity":2.55,"charge":0},{"id":252,"atom_number":6,"valence":4,"electronegativity":2.55,"charge":0},{"id":253,"atom_number":7,"valence":5,"electronegativity":3.04,"charge":0},{"id":254,"atom_number":6,"valence":4,"electronegativity":2.55,"charge":0},{"id":255,"atom_number":6,"valence":4,"electronegativity":2.55,"charge":0},{"id":256,"atom_number":8,"valence":6,"electronegativity":3.44,"charge":0},{"id":257,"atom_number":6,"valence":4,"electronegativity":2.55,"charge":0},{"id":258,"atom_number":6,"valence":4,"electronegativity":2.55,"charge":0},{"id":259,"atom_number":6,"valence":4,"electronegativity":2.55,"charge":0},{"id":260,"atom_number":6,"valence":4,"electronegativity":2.55,"charge":0},{"id":261,"atom_number":7,"valence":5,"electronegativity":3.04,"charge":0},{"id":262,"atom_number":6,"valence":4,"electronegativity":2.55,"charge":0},{"id":263,"atom_number":6,"valence":4,"electronegativity":2.55,"charge":0},{"id":264,"atom_number":8,"valence":6,"electronegativity":3.44,"charge":0},{"id":265,"atom_number":6,"valence":4,"electronegativity":2.55,"charge":0},{"id":266,"atom_number":6,"valence":4,"electronegativity":2.55,"charge":0},{"id":267,"atom_number":6,"valence":4,"electronegativity":2.55,"charge":0},{"id":268,"atom_number":6,"valence":4,"electronegativity":2.55,"charge":0},{"id":269,"atom_number":7,"valence":5,"electronegativity":3.04,"charge":0},{"id":270,"atom_number":6,"valence":4,"electronegativity":2.55,"charge":0},{"id":271,"atom_number":6,"valence":4,"electronegativity":2.55,"charge":0},{"id":272,"atom_number":8,"valence":6,"electronegativity":3.44,"charge":0},{"id":273,"atom_number":6,"valence":4,"electronegativity":2.55,"charge":0},{"id":274,"atom_number":8,"valence":6,"electronegativity":3.44,"charge":0},{"id":275,"atom_number":7,"valence":5,"electronegativity":3.04,"charge":0},{"id":276,"atom_number":6,"valence":4,"electronegativity":2.55,"charge":0},{"id":277,"atom_number":6,"valence":4,"electronegativity":2.55,"charge":0},{"id":278,"atom_number":8,"valence":6,"electronegativity":3.44,"charge":0},{"id":279,"atom_number":6,"valence":4,"electronegativity":2.55,"charge":0},{"id":280,"atom_number":6,"valence":4,"electronegativity":2.55,"charge":0},{"id":281,"atom_number":6,"valence":4,"electronegativity":2.55,"charge":0},{"id":282,"atom_number":8,"valence":6,"electronegativity":3.44,"charge":0},{"id":283,"atom_number":8,"valence":6,"electronegativity":3.44,"charge":0},{"id":284,"atom_number":7,"valence":5,"electronegativity":3.04,"charge":0},{"id":285,"atom_number":6,"valence":4,"electronegativity":2.55,"charge":0},{"id":286,"atom_number":6,"valence":4,"electronegativity":2.55,"charge":0},{"id":287,"atom_number":8,"valence":6,"electronegativity":3.44,"charge":0},{"id":288,"atom_number":7,"valence":5,"electronegativity":3.04,"charge":0},{"id":289,"atom_number":6,"valence":4,"electronegativity":2.55,"charge":0},{"id":290,"atom_number":6,"valence":4,"electronegativity":2.55,"charge":0},{"id":291,"atom_number":8,"valence":6,"electronegativity":3.44,"charge":0},{"id":292,"atom_number":6,"valence":4,"electronegativity":2.55,"charge":0},{"id":293,"atom_number":6,"valence":4,"electronegativity":2.55,"charge":0},{"id":294,"atom_number":16,"valence":6,"electronegativity":2.58,"charge":0},{"id":295,"atom_number":6,"valence":4,"electronegativity":2.55,"charge":0},{"id":296,"atom_number":7,"valence":5,"electronegativity":3.04,"charge":0},{"id":297,"atom_number":6,"valence":4,"electronegativity":2.55,"charge":0},{"id":298,"atom_number":6,"valence":4,"electronegativity":2.55,"charge":0},{"id":299,"atom_number":8,"valence":6,"electronegativity":3.44,"charge":0},{"id":300,"atom_number":6,"valence":4,"electronegativity":2.55,"charge":0},{"id":301,"atom_number":6,"valence":4,"electronegativity":2.55,"charge":0},{"id":302,"atom_number":6,"valence":4,"electronegativity":2.55,"charge":0},{"id":303,"atom_number":6,"valence":4,"electronegativity":2.55,"charge":0},{"id":304,"atom_number":7,"valence":5,"electronegativity":3.04,"charge":0},{"id":305,"atom_number":6,"valence":4,"electronegativity":2.55,"charge":0},{"id":306,"atom_number":6,"valence":4,"electronegativity":2.55,"charge":0},{"id":307,"atom_number":8,"valence":6,"electronegativity":3.44,"charge":0},{"id":308,"atom_number":6,"valence":4,"electronegativity":2.55,"charge":0},{"id":309,"atom_number":6,"valence":4,"electronegativity":2.55,"charge":0},{"id":310,"atom_number":6,"valence":4,"electronegativity":2.55,"charge":0},{"id":311,"atom_number":6,"valence":4,"electronegativity":2.55,"charge":0},{"id":312,"atom_number":7,"valence":5,"electronegativity":3.04,"charge":0},{"id":313,"atom_number":6,"valence":4,"electronegativity":2.55,"charge":0},{"id":314,"atom_number":6,"valence":4,"electronegativity":2.55,"charge":0},{"id":315,"atom_number":8,"valence":6,"electronegativity":3.44,"charge":0},{"id":316,"atom_number":6,"valence":4,"electronegativity":2.55,"charge":0},{"id":317,"atom_number":6,"valence":4,"electronegativity":2.55,"charge":0},{"id":318,"atom_number":6,"valence":4,"electronegativity":2.55,"charge":0},{"id":319,"atom_number":6,"valence":4,"electronegativity":2.55,"charge":0},{"id":320,"atom_number":6,"valence":4,"electronegativity":2.55,"charge":0},{"id":321,"atom_number":6,"valence":4,"electronegativity":2.55,"charge":0},{"id":322,"atom_number":6,"valence":4,"electronegativity":2.55,"charge":0},{"id":323,"atom_number":7,"valence":5,"electronegativity":3.04,"charge":0},{"id":324,"atom_number":6,"valence":4,"electronegativity":2.55,"charge":0},{"id":325,"atom_number":6,"valence":4,"electronegativity":2.55,"charge":0},{"id":326,"atom_number":8,"valence":6,"electronegativity":3.44,"charge":0},{"id":327,"atom_number":7,"valence":5,"electronegativity":3.04,"charge":0},{"id":328,"atom_number":6,"valence":4,"electronegativity":2.55,"charge":0},{"id":329,"atom_number":6,"valence":4,"electronegativity":2.55,"charge":0},{"id":330,"atom_number":8,"valence":6,"electronegativity":3.44,"charge":0},{"id":331,"atom_number":6,"valence":4,"electronegativity":2.55,"charge":0},{"id":332,"atom_number":6,"valence":4,"electronegativity":2.55,"charge":0},{"id":333,"atom_number":6,"valence":4,"electronegativity":2.55,"charge":0},{"id":334,"atom_number":6,"valence":4,"electronegativity":2.55,"charge":0},{"id":335,"atom_number":6,"valence":4,"electronegativity":2.55,"charge":0},{"id":336,"atom_number":6,"valence":4,"electronegativity":2.55,"charge":0},{"id":337,"atom_number":6,"valence":4,"electronegativity":2.55,"charge":0},{"id":338,"atom_number":7,"valence":5,"electronegativity":3.04,"charge":0},{"id":339,"atom_number":6,"valence":4,"electronegativity":2.55,"charge":0},{"id":340,"atom_number":6,"valence":4,"electronegativity":2.55,"charge":0},{"id":341,"atom_number":8,"valence":6,"electronegativity":3.44,"charge":0},{"id":342,"atom_number":6,"valence":4,"electronegativity":2.55,"charge":0},{"id":343,"atom_number":6,"valence":4,"electronegativity":2.55,"charge":0},{"id":344,"atom_number":16,"valence":6,"electronegativity":2.58,"charge":0},{"id":345,"atom_number":6,"valence":4,"electronegativity":2.55,"charge":0},{"id":346,"atom_number":7,"valence":5,"electronegativity":3.04,"charge":0},{"id":347,"atom_number":6,"valence":4,"electronegativity":2.55,"charge":0},{"id":348,"atom_number":6,"valence":4,"electronegativity":2.55,"charge":0},{"id":349,"atom_number":8,"valence":6,"electronegativity":3.44,"charge":0},{"id":350,"atom_number":6,"valence":4,"electronegativity":2.55,"charge":0},{"id":351,"atom_number":6,"valence":4,"electronegativity":2.55,"charge":0},{"id":352,"atom_number":6,"valence":4,"electronegativity":2.55,"charge":0},{"id":353,"atom_number":6,"valence":4,"electronegativity":2.55,"charge":0},{"id":354,"atom_number":7,"valence":5,"electronegativity":3.04,"charge":0},{"id":355,"atom_number":7,"valence":5,"electronegativity":3.04,"charge":0},{"id":356,"atom_number":6,"valence":4,"electronegativity":2.55,"charge":0},{"id":357,"atom_number":6,"valence":4,"electronegativity":2.55,"charge":0},{"id":358,"atom_number":8,"valence":6,"electronegativity":3.44,"charge":0},{"id":359,"atom_number":6,"valence":4,"electronegativity":2.55,"charge":0},{"id":360,"atom_number":6,"valence":4,"electronegativity":2.55,"charge":0},{"id":361,"atom_number":6,"valence":4,"electronegativity":2.55,"charge":0},{"id":362,"atom_number":6,"valence":4,"electronegativity":2.55,"charge":0},{"id":363,"atom_number":6,"valence":4,"electronegativity":2.55,"charge":0},{"id":364,"atom_number":6,"valence":4,"electronegativity":2.55,"charge":0},{"id":365,"atom_number":6,"valence":4,"electronegativity":2.55,"charge":0},{"id":366,"atom_number":7,"valence":5,"electronegativity":3.04,"charge":0},{"id":367,"atom_number":6,"valence":4,"electronegativity":2.55,"charge":0},{"id":368,"atom_number":6,"valence":4,"electronegativity":2.55,"charge":0},{"id":369,"atom_number":8,"valence":6,"electronegativity":3.44,"charge":0},{"id":370,"atom_number":6,"valence":4,"electronegativity":2.55,"charge":0},{"id":371,"atom_number":6,"valence":4,"electronegativity":2.55,"charge":0},{"id":372,"atom_number":7,"valence":5,"electronegativity":3.04,"charge":0},{"id":373,"atom_number":6,"valence":4,"electronegativity":2.55,"charge":0},{"id":374,"atom_number":6,"valence":4,"electronegativity":2.55,"charge":0},{"id":375,"atom_number":7,"valence":5,"electronegativity":3.04,"charge":0},{"id":376,"atom_number":7,"valence":5,"electronegativity":3.04,"charge":0},{"id":377,"atom_number":6,"valence":4,"electronegativity":2.55,"charge":0},{"id":378,"atom_number":6,"valence":4,"electronegativity":2.55,"charge":0},{"id":379,"atom_number":8,"valence":6,"electronegativity":3.44,"charge":0},{"id":380,"atom_number":6,"valence":4,"electronegativity":2.55,"charge":0},{"id":381,"atom_number":6,"valence":4,"electronegativity":2.55,"charge":0},{"id":382,"atom_number":6,"valence":4,"electronegativity":2.55,"charge":0},{"id":383,"atom_number":6,"valence":4,"electronegativity":2.55,"charge":0},{"id":384,"atom_number":7,"valence":5,"electronegativity":3.04,"charge":0},{"id":385,"atom_number":6,"valence":4,"electronegativity":2.55,"charge":0},{"id":386,"atom_number":6,"valence":4,"electronegativity":2.55,"charge":0},{"id":387,"atom_number":8,"valence":6,"electronegativity":3.44,"charge":0},{"id":388,"atom_number":6,"valence":4,"electronegativity":2.55,"charge":0},{"id":389,"atom_number":6,"valence":4,"electronegativity":2.55,"charge":0},{"id":390,"atom_number":6,"valence":4,"electronegativity":2.55,"charge":0},{"id":391,"atom_number":6,"valence":4,"electronegativity":2.55,"charge":0},{"id":392,"atom_number":7,"valence":5,"electronegativity":3.04,"charge":0},{"id":393,"atom_number":6,"valence":4,"electronegativity":2.55,"charge":0},{"id":394,"atom_number":6,"valence":4,"electronegativity":2.55,"charge":0},{"id":395,"atom_number":8,"valence":6,"electronegativity":3.44,"charge":0},{"id":396,"atom_number":6,"valence":4,"electronegativity":2.55,"charge":0},{"id":397,"atom_number":6,"valence":4,"electronegativity":2.55,"charge":0},{"id":398,"atom_number":6,"valence":4,"electronegativity":2.55,"charge":0},{"id":399,"atom_number":6,"valence":4,"electronegativity":2.55,"charge":0},{"id":400,"atom_number":7,"valence":5,"electronegativity":3.04,"charge":0},{"id":401,"atom_number":6,"valence":4,"electronegativity":2.55,"charge":0},{"id":402,"atom_number":6,"valence":4,"electronegativity":2.55,"charge":0},{"id":403,"atom_number":8,"valence":6,"electronegativity":3.44,"charge":0},{"id":404,"atom_number":6,"valence":4,"electronegativity":2.55,"charge":0},{"id":405,"atom_number":6,"valence":4,"electronegativity":2.55,"charge":0},{"id":406,"atom_number":6,"valence":4,"electronegativity":2.55,"charge":0},{"id":407,"atom_number":6,"valence":4,"electronegativity":2.55,"charge":0},{"id":408,"atom_number":6,"valence":4,"electronegativity":2.55,"charge":0},{"id":409,"atom_number":6,"valence":4,"electronegativity":2.55,"charge":0},{"id":410,"atom_number":6,"valence":4,"electronegativity":2.55,"charge":0},{"id":411,"atom_number":8,"valence":6,"electronegativity":3.44,"charge":0}],"node_holes":[],"edge_property":"directed","edges":[[0,3,3.0455497040764254],[0,7,3.4981758103331497],[0,4,2.4748113059382932],[0,2,2.5361184909226937],[0,1,1.4793900770249877],[0,5,2.9888788868068907],[1,3,2.401779756763722],[1,0,1.4793900770249877],[1,4,1.5408231566276513],[1,2,1.5470662558533173],[1,5,2.534771390086293],[1,6,3.1673290009091244],[2,3,1.2268960836191458],[2,0,2.5361184909226937],[2,4,2.5082515822779823],[2,1,1.5470662558533173],[3,0,3.0455497040764254],[3,4,2.9397411450670288],[3,2,1.2268960836191458],[3,1,2.401779756763722],[4,3,2.9397411450670288],[4,7,2.5013366426772685],[4,0,2.4748113059382932],[4,2,2.5082515822779823],[4,1,1.5408231566276513],[4,5,1.4903871980126506],[4,6,2.4896226621719193],[5,9,2.4118882644102717],[5,7,1.3819620110552953],[5,0,2.9888788868068907],[5,4,1.4903871980126506],[5,1,2.534771390086293],[5,6,1.380995655315396],[5,8,2.4118561316960836],[5,10,2.7884300242251006],[6,9,2.750686096231266],[6,7,2.377292998349173],[6,4,2.4896226621719193],[6,1,3.1673290009091244],[6,5,1.380995655315396],[6,8,1.386925015997621],[6,10,2.3899412126661197],[7,9,1.3996092311784751],[7,0,3.4981758103331497],[7,4,2.5013366426772685],[7,5,1.3819620110552953],[7,6,2.377292998349173],[7,8,2.764503029479259],[7,10,2.4091394729238913],[8,9,2.3822285784533768],[8,7,2.764503029479259],[8,5,2.4118561316960836],[8,6,1.386925015997621],[8,10,1.3737343265711892],[9,7,1.3996092311784751],[9,5,2.4118882644102717],[9,6,2.750686096231266],[9,8,2.3822285784533768],[9,10,1.380552425661554],[10,9,1.380552425661554],[10,7,2.4091394729238913],[10,5,2.7884300242251006],[10,6,2.3899412126661197],[10,8,1.3737343265711892],[11,14,3.1220736698547014],[11,12,1.4497368726772455],[11,15,2.430226738392943],[11,13,2.438815286158426],[12,17,3.0859342183526857],[12,14,2.404188220585069],[12,16,2.6661194646902087],[12,15,1.5266522197278591],[12,13,1.527536906264461],[12,11,1.4497368726772455],[13,14,1.2211126074199714],[13,12,1.527536906264461],[13,16,3.224089949117425],[13,15,2.526435829384946],[13,11,2.438815286158426],[14,12,2.404188220585069],[14,16,3.439001017737564],[14,15,2.8642838546484874],[14,13,1.2211126074199714],[14,11,3.1220736698547014],[15,17,2.573136024387362],[15,14,2.8642838546484874],[15,12,1.5266522197278591],[15,16,1.5393225782791606],[15,18,2.512335566758549],[15,13,2.526435829384946],[15,11,2.430226738392943],[16,17,1.5182295610348253],[16,14,3.439001017737564],[16,12,2.6661194646902087],[16,15,1.5393225782791606],[16,18,1.5373984519310528],[16,13,3.224089949117425],[17,12,3.0859342183526857],[17,16,1.5182295610348253],[17,15,2.573136024387362],[17,18,2.4868914330947374],[18,17,2.4868914330947374],[18,16,1.5373984519310528],[18,15,2.512335566758549],[19,22,2.8147909336218913],[19,20,1.4460321573187778],[19,23,2.4819008844029216],[19,24,2.951138254978917],[19,21,2.3998245769222373],[20,22,2.3642396240652075],[20,23,1.5392300023063492],[20,19,1.4460321573187778],[20,24,2.537853817697152],[20,21,1.5116543917178946],[20,25,2.5007086995489907],[21,22,1.2086562786830661],[21,20,1.5116543917178946],[21,23,2.4595873637665338],[21,19,2.3998245769222373],[21,25,2.919548423986149],[22,20,2.3642396240652075],[22,23,2.9626812180860775],[22,19,2.8147909336218913],[22,21,1.2086562786830661],[23,22,2.9626812180860775],[23,26,2.5640025351001507],[23,20,1.5392300023063492],[23,19,2.4819008844029216],[23,24,1.5368178161382702],[23,21,2.4595873637665338],[23,25,1.5183099156628066],[24,26,1.5268555923858678],[24,20,2.537853817697152],[24,23,1.5368178161382702],[24,19,2.951138254978917],[24,25,2.4997931914460456],[25,26,3.0143082125091327],[25,20,2.5007086995489907],[25,23,1.5183099156628066],[25,24,2.4997931914460456],[25,21,2.919548423986149],[26,23,2.5640025351001507],[26,24,1.5268555923858678],[26,25,3.0143082125091327],[27,29,2.4401530689692397],[27,30,3.431336474320175],[27,28,1.4484812736103991],[27,31,2.447857226228687],[28,29,1.5268415110940594],[28,30,2.3953980880012393],[28,27,1.4484812736103991],[28,31,1.5270956093185541],[28,33,3.0037453287520894],[28,32,2.6238729008852544],[29,30,1.2285556560449367],[29,27,2.4401530689692397],[29,28,1.5268415110940594],[29,31,2.519653547613244],[29,33,3.1669197969004514],[29,32,2.994306263560892],[30,35,3.2160220770386516],[30,29,1.2285556560449367],[30,44,3.48690349737414],[30,27,3.431336474320175],[30,28,2.3953980880012393],[30,31,3.3759794134443446],[30,33,3.082831490691633],[30,32,3.4637016326467847],[31,29,2.519653547613244],[31,30,3.3759794134443446],[31,27,2.447857226228687],[31,28,1.5270956093185541],[31,33,2.5520127350779447],[31,32,1.5323987731657855],[31,34,2.461014831324671],[32,29,2.994306263560892],[32,30,3.4637016326467847],[32,28,2.6238729008852544],[32,31,1.5323987731657855],[32,33,1.5175964549246952],[32,34,1.5035005819752794],[33,29,3.1669197969004514],[33,30,3.082831490691633],[33,28,3.0037453287520894],[33,31,2.5520127350779447],[33,32,1.5175964549246952],[33,34,2.4717582810622907],[34,31,2.461014831324671],[34,33,2.4717582810622907],[34,32,1.5035005819752794],[34,53,3.436981960965173],[35,36,1.4586325788216834],[35,37,2.5232554369306315],[35,39,2.810441602310925],[35,30,3.2160220770386516],[36,35,1.4586325788216834],[36,38,2.3947196078038027],[36,37,1.5206646573127156],[36,39,2.435252143002857],[37,36,1.5206646573127156],[37,35,2.5232554369306315],[37,38,1.2339193652747331],[37,41,3.2005077722136526],[37,39,1.33162457171682],[37,40,2.442515711310778],[38,36,2.3947196078038027],[38,37,1.2339193652747331],[38,41,3.124676463251835],[38,39,2.2495886290608795],[38,40,2.773905910444692],[39,36,2.435252143002857],[39,35,2.810441602310925],[39,38,2.2495886290608795],[39,37,1.33162457171682],[39,41,2.551632810574436],[39,40,1.4704948146797374],[39,43,2.4576260903563005],[39,44,2.9898588595450444],[40,38,2.773905910444692],[40,37,2.442515711310778],[40,41,1.5346846581627127],[40,39,1.4704948146797374],[40,43,1.5272593100060001],[40,42,2.393126407024922],[40,44,2.535306490347862],[41,38,3.124676463251835],[41,37,3.2005077722136526],[41,39,2.551632810574436],[41,40,1.5346846581627127],[41,43,2.5197424471560588],[41,42,1.2281868750316476],[42,41,1.2281868750316476],[42,40,2.393126407024922],[42,43,2.9268148216106877],[43,41,2.5197424471560588],[43,39,2.4576260903563005],[43,40,1.5272593100060001],[43,42,2.9268148216106877],[43,46,2.898581204658582],[43,45,2.5381191855387706],[43,44,1.523081744359112],[44,39,2.9898588595450444],[44,40,2.535306490347862],[44,43,1.523081744359112],[44,30,3.48690349737414],[44,46,2.383863041367939],[44,47,2.3795816859271715],[44,45,1.5172583827417114],[45,43,2.5381191855387706],[45,46,1.250071197972343],[45,47,1.249184534006085],[45,44,1.5172583827417114],[45,69,3.265506698814138],[46,43,2.898581204658582],[46,47,2.196541372248656],[46,45,1.250071197972343],[46,44,2.383863041367939],[46,69,3.297294345368639],[47,46,2.196541372248656],[47,45,1.249184534006085],[47,44,2.3795816859271715],[47,69,2.67211040191082],[48,52,2.447714648401647],[48,54,2.941145355129528],[48,49,1.4555308310029005],[48,51,3.4088112297397752],[48,55,3.127407552590483],[48,50,2.530889566930964],[49,48,1.4555308310029005],[49,52,1.5295911218361604],[49,54,2.4701453398535076],[49,53,2.521979579615981],[49,51,2.3823261741415687],[49,55,2.458886333281798],[49,50,1.527893320883368],[50,48,2.530889566930964],[50,52,2.512157837397962],[50,49,1.527893320883368],[50,53,2.809737532226097],[50,51,1.2284657097371485],[50,55,1.328693343100656],[50,57,2.8814645581717637],[50,56,2.4440118657649754],[51,48,3.4088112297397752],[51,52,3.4426363444314005],[51,49,2.3823261741415687],[51,53,3.420403046425961],[51,60,2.8368921375336105],[51,71,2.9213308610973874],[51,55,2.2385687391724183],[51,57,2.6765459084424466],[51,56,2.7570444319959724],[51,50,1.2284657097371485],[51,58,3.144962638887782],[52,48,2.447714648401647],[52,54,1.514757736405398],[52,49,1.5295911218361604],[52,53,1.52426572486558],[52,51,3.4426363444314005],[52,55,2.9926337898246085],[52,50,2.512157837397962],[53,52,1.52426572486558],[53,54,2.5055452500403974],[53,49,2.521979579615981],[53,34,3.436981960965173],[53,51,3.420403046425961],[53,55,3.2118223798958736],[53,50,2.809737532226097],[54,48,2.941145355129528],[54,52,1.514757736405398],[54,49,2.4701453398535076],[54,53,2.5055452500403974],[55,48,3.127407552590483],[55,52,2.9926337898246085],[55,49,2.458886333281798],[55,53,3.2118223798958736],[55,51,2.2385687391724183],[55,57,2.4736580200181266],[55,59,2.473916934741342],[55,56,1.4748125304593798],[55,50,1.328693343100656],[55,58,3.4763955471148567],[56,51,2.7570444319959724],[56,55,1.4748125304593798],[56,57,1.5213704348382753],[56,59,1.5232862501841191],[56,50,2.4440118657649754],[56,58,2.3848853221905673],[57,51,2.6765459084424466],[57,60,3.4495833081692653],[57,55,2.4736580200181266],[57,59,2.4905639923519316],[57,56,1.5213704348382753],[57,50,2.8814645581717637],[57,58,1.225384021439812],[58,79,3.2159926927777676],[58,51,3.144962638887782],[58,55,3.4763955471148567],[58,57,1.225384021439812],[58,59,3.3148726974048333],[58,56,2.3848853221905673],[59,55,2.473916934741342],[59,57,2.4905639923519316],[59,56,1.5232862501841191],[59,58,3.3148726974048333],[60,51,2.8368921375336105],[60,61,1.4684444150188323],[60,64,2.456857342215864],[60,71,2.7532313742219348],[60,62,2.4786266358610765],[60,57,3.449